0000  0000  //  0  0.000  0.000
0001  0001  //  1  1.000  1.000
0002  0002  //  2  2.000  2.000
0003  0003  //  3  0.957  0.000
0004  0004  //  4  0.924  0.000
0005  0005  //  5  0.882  0.000
0006  0006  //  6  0.831  0.000
0007  0007  //  7  0.773  0.000
0008  0008  //  8  0.707  0.000
0009  0009  //  9  0.634  0.000
000A  000A  // 10  0.556  0.000
000B  000B  // 11  0.471  0.000
000C  000C  // 12  0.383  0.000
000D  000D  // 13  0.290  0.000
000E  000E  // 14  0.195  0.000
000F  000F  // 15  0.098  0.000
